7 2 6


4 0 0


0 1 3
2 0 4
3 5 5
2 1 6
0 0 2


0 0 0
2 0 2
0 0 0
1 0 0
0 0 2 
5 2 6


4 0 0


0 1 3
2 0 4
3 5 5
2 1 6
0 0 2


0 0 0
2 0 2
0 0 0
1 0 0
0 0 2 
5 2 6


4 0 0


0 1 3
2 0 4
3 5 5
2 1 6
0 0 2


0 0 0
2 0 2
0 0 0
1 0 0
0 0 2 
100 4 6


4 0 0


0 1 3
2 0 4
3 5 5
2 1 6
0 0 2


0 0 0
2 0 2
0 0 0
1 0 0
0 0 2 
100 4 6


4 0 0


0 1 3
2 0 4
3 5 5
2 1 6
0 0 2


0 0 0
2 0 2
0 0 0
1 0 0
0 0 2 
7 2 6


0 0 0


0 1 0
2 0 0
3 0 3
2 1 1
0 0 2


0 0 0
2 0 2
1 1 1
1 0 0
0 0 2 
7 2 6


0 0 0


0 1 0
2 0 0
3 0 3
2 1 1
0 0 2


0 0 0
2 0 2
1 1 1
1 0 0
0 0 2 
7 2 6


0 0 0


0 1 0
2 0 0
3 0 3
2 1 1
0 0 2


0 0 0
2 0 2
1 1 1
1 0 0
0 0 2 
7 2 6


0 0 0


0 1 0
2 0 0
3 0 3
2 1 1
0 0 2


0 0 0
2 0 2
1 1 1
1 0 0
0 0 2 
