1
1
2
2
4
4
4
4
5
5
6
6
6
6
7
7
7
7
8
8
8
8
8
8
9
9
10
10
10
10
11
11
12
12
12
12
12
12
13
13
15
15
15
15
18
18
19
19
20
20
21
21
22
22
23
23
26
26
26
26
26
26
28
28
29
29
31
31
31
31
32
32
32
32
32
32
33
33
33
33
34
34
35
35
38
38
40
40
41
41
42
42
45
45
48
48
51
51
51
51
52
52
52
52
53
53
53
53
53
53
53
53
53
53
54
54
54
54
56
56
58
58
59
59
59
59
60
60
61
61
62
62
62
62
63
63
64
64
64
64
65
65
65
65
65
65
67
67
67
67
68
68
70
70
70
70
72
72
74
74
75
75
77
77
77
77
81
81
82
82
82
82
82
82
82
82
83
83
83
83
83
83
84
84
85
85
85
85
85
85
85
85
86
86
86
86
91
91
91
91
94
94
96
96
97
97
98
98
99
99
103
103
104
104
104
104
106
106
107
107
110
110
110
110
111
111
113
113
113
113
113
113
115
115
118
118
118
118
119
119
119
119
119
119
119
119
120
120
121
121
121
121
122
122
122
122
123
123
124
124
124
124
124
124
127
127
129
129
129
129
130
130
131
131
131
131
131
131
132
132
136
136
136
136
138
138
138
138
138
138
140
140
140
140
140
140
142
142
142
142
144
144
144
144
144
144
146
146
146
146
148
148
148
148
151
151
151
151
155
155
155
155
156
156
156
156
156
156
156
156
157
157
157
157
158
158
158
158
159
159
159
159
160
160
160
160
160
160
161
161
161
161
162
162
163
163
164
164
164
164
165
165
166
166
167
167
169
169
170
170
170
170
176
176
176
176
177
177
177
177
178
178
178
178
178
178
181
181
182
182
182
182
185
185
185
185
187
187
189
189
189
189
190
190
190
190
191
191
192
192
192
192
193
193
194
194
194
194
195
195
196
196
198
198
200
200
201
201
202
202
204
204
206
206
207
207
213
213
214
214
214
214
214
214
215
215
215
215
219
219
219
219
220
220
222
222
222
222
224
224
225
225
226
226
227
227
227
227
228
228
229
229
229
229
231
231
231
231
231
231
232
232
235
235
236
236
237
237
238
238
239
239
240
240
241
241
243
243
244
244
245
245
246
246
246
246
246
246
247
247
247
247
248
248
248
248
249
249
249
249
249
249
250
250
252
252
253
253
253
253
254
254
256
256
257
257
259
259
260
260
262
262
263
263
263
263
263
263
264
264
265
265
265
265
266
266
267
267
268
268
269
269
270
270
270
270
270
270
271
271
272
272
273
273
276
276
277
277
277
277
279
279
281
281
281
281
281
281
283
283
284
284
285
285
285
285
285
285
285
285
288
288
289
289
290
290
290
290
292
292
293
293
293
293
294
294
294
294
295
295
295
295
296
296
297
297
298
298
299
299
299
299
300
300
301
301
301
301
303
303
304
304
304
304
305
305
305
305
309
309
310
310
311
311
311
311
313
313
314
314
314
314
314
314
315
315
316
316
316
316
316
316
319
319
319
319
320
320
321
321
321
321
322
322
328
328
330
330
331
331
331
331
333
333
334
334
335
335
337
337
337
337
343
343
344
344
348
348
348
348
350
350
351
351
352
352
353
353
353
353
354
354
354
354
354
354
354
354
356
356
356
356
356
356
358
358
359
359
361
361
361
361
362
362
362
362
364
364
365
365
367
367
368
368
368
368
368
368
371
371
374
374
377
377
378
378
378
378
380
380
380
380
380
380
381
381
383
383
385
385
386
386
388
388
388
388
388
388
392
392
392
392
395
395
395
395
396
396
397
397
398
398
399
399
400
400
400
400
401
401
401
401
403
403
407
407
408
408
408
408
410
410
411
411
411
411
411
411
412
412
414
414
416
416
417
417
417
417
418
418
419
419
419
419
420
420
420
420
420
420
422
422
422
422
424
424
424
424
424
424
425
425
427
427
427
427
429
429
431
431
432
432
434
434
434
434
435
435
435
435
435
435
435
435
435
435
436
436
436
436
436
436
437
437
437
437
438
438
439
439
439
439
442
442
444
444
444
444
445
445
446
446
447
447
449
449
450
450
450
450
451
451
454
454
456
456
457
457
457
457
460
460
460
460
460
460
461
461
462
462
462
462
464
464
465
465
466
466
467
467
470
470
470
470
471
471
471
471
472
472
472
472
473
473
474
474
475
475
477
477
477
477
477
477
478
478
480
480
480
480
480
480
480
480
482
482
483
483
483
483
483
483
484
484
489
489
490
490
490
490
490
490
491
491
491
491
492
492
493
493
495
495
496
496
498
498
499
499
499
499
499
499
500
500
504
504
505
505
506
506
508
508
509
509
509
509
509
509
510
510
511
511
511
511
515
515
516
516
516
516
517
517
518
518
520
520
520
520
521
521
521
521
522
522
523
523
525
525
526
526
527
527
527
527
528
528
529
529
529
529
530
530
530
530
531
531
532
532
537
537
537
537
538
538
539
539
540
540
540
540
540
540
540
540
542
542
543
543
544
544
544
544
546
546
547
547
549
549
551
551
551
551
551
551
553
553
553
553
553
553
554
554
555
555
556
556
557
557
559
559
559
559
561
561
563
563
563
563
563
563
564
564
565
565
567
567
568
568
569
569
569
569
569
569
570
570
570
570
571
571
571
571
572
572
575
575
575
575
575
575
576
576
579
579
580
580
581
581
581
581
584
584
584
584
584
584
586
586
586
586
586
586
587
587
587
587
588
588
589
589
592
592
592
592
594
594
596
596
596
596
597
597
601
601
602
602
603
603
603
603
604
604
605
605
605
605
606
606
607
607
610
610
610
610
613
613
615
615
615
615
616
616
619
619
619
619
620
620
621
621
621
621
623
623
623
623
626
626
627
627
628
628
628
628
629
629
631
631
633
633
633
633
635
635
636
636
637
637
640
640
640
640
641
641
643
643
643
643
644
644
646
646
646
646
647
647
647
647
647
647
648
648
648
648
648
648
649
649
651
651
652
652
652
652
653
653
654
654
654
654
655
655
657
657
658
658
661
661
661
661
662
662
665
665
665
665
666
666
668
668
668
668
668
668
672
672
672
672
675
675
679
679
680
680
682
682
682
682
687
687
688
688
688
688
690
690
691
691
691
691
691
691
693
693
694
694
694
694
694
694
695
695
695
695
695
695
695
695
699
699
699
699
700
700
702
702
703
703
704
704
705
705
706
706
707
707
708
708
708
708
709
709
710
710
711
711
713
713
713
713
714
714
714
714
715
715
715
715
717
717
717
717
717
717
722
722
724
724
725
725
726
726
726
726
729
729
729
729
730
730
731
731
731
731
731
731
733
733
738
738
740
740
740
740
742
742
746
746
746
746
746
746
748
748
751
751
751
751
752
752
752
752
753
753
755
755
758
758
759
759
759
759
760
760
761
761
762
762
764
764
766
766
767
767
767
767
767
767
770
770
772
772
772
772
772
772
773
773
773
773
773
773
774
774
774
774
776
776
776
776
776
776
778
778
778
778
779
779
780
780
780
780
781
781
781
781
782
782
783
783
787
787
790
790
790
790
792
792
792
792
794
794
796
796
797
797
797
797
797
797
798
798
799
799
802
802
804
804
805
805
806
806
806
806
809
809
809
809
809
809
811
811
814
814
814
814
814
814
814
814
814
814
816
816
816
816
816
816
817
817
819
819
824
824
825
825
827
827
829
829
832
832
832
832
832
832
833
833
833
833
834
834
835
835
835
835
836
836
836
836
837
837
837
837
842
842
843
843
844
844
848
848
848
848
849
849
850
850
850
850
850
850
853
853
854
854
855
855
856
856
857
857
858
858
858
858
858
858
858
858
859
859
860
860
861
861
861
861
861
861
861
861
862
862
862
862
863
863
863
863
863
863
864
864
864
864
865
865
865
865
865
865
866
866
867
867
867
867
868
868
868
868
869
869
870
870
872
872
872
872
873
873
873
873
875
875
877
877
877
877
878
878
879
879
879
879
880
880
880
880
881
881
881
881
881
881
882
882
882
882
882
882
883
883
883
883
883
883
886
886
887
887
889
889
889
889
890
890
893
893
893
893
895
895
900
900
901
901
901
901
902
902
903
903
903
903
903
903
903
903
906
906
906
906
909
909
910
910
911
911
911
911
912
912
913
913
917
917
918
918
920
920
920
920
920
920
920
920
922
922
923
923
923
923
923
923
923
923
924
924
925
925
926
926
931
931
931
931
934
934
934
934
935
935
935
935
935
935
936
936
936
936
938
938
940
940
941
941
941
941
941
941
942
942
943
943
943
943
944
944
945
945
946
946
947
947
948
948
948
948
950
950
952
952
954
954
955
955
956
956
956
956
959
959
959
959
960
960
960
960
962
962
962
962
965
965
967
967
968
968
969
969
970
970
971
971
972
972
972
972
973
973
973
973
975
975
975
975
976
976
976
976
977
977
978
978
981
981
982
982
983
983
983
983
985
985
986
986
986
986
988
988
989
989
989
989
990
990
991
991
992
992
992
992
994
994
994
994
995
995
995
995
995
995
996
996
996
996
997
997
